a: 1.000061
b: -83921070.032113
c: 1737135756914831.000000
rs: 37116295.874487
sx: 36937048.733040
sy: 892635.077858
sz: 3532287.212731
lambda0: -1.308997
-0.024052 0.095340 -1.478136 0.590727 -84.690932 33.846162
